<?xml version="1.0"?>
<opencv_storage>
<classifications type_id="opencv-matrix">
  <rows>38</rows>
  <cols>1</cols>
  <dt>i</dt>
  <data>
    37 37 37 37 37 37 54 56 49 48 37 48 48 49 49 49 49 48 48 48 48 48 49
    48 49 49 48 49 54 56 54 56 54 56 54 56 54 56</data></classifications>
</opencv_storage>
